0 646
0 414
0 149
0 746
0 1547
1 1367
2 1889
2 507
2 1913
3 1789
3 978
3 939
3 1069
4 1547
5 1377
6 1178
6 1547
7 190
7 368
7 2130
8 809
8 486
9 713
9 425
9 926
9 892
9 1070
9 591
10 1227
11 539
12 150
12 926
13 1469
14 1026
14 20
14 1508
14 1741
15 189
15 377
16 202
17 1689
17 687
17 713
17 666
17 651
18 407
18 1167
18 2127
19 2009
19 368
19 1019
19 19
19 1739
19 472
19 1511
20 29
20 147
20 284
20 517
20 518
20 536
20 606
20 673
20 727
20 962
20 1134
20 1725
20 1771
20 1919
20 2034
20 2096
20 2159
21 2037
22 233
23 1533
23 1054
23 1698
23 1560
23 1683
23 314
24 2143
25 926
26 1403
27 1838
27 568
27 926
27 892
27 1070
28 1056
28 1621
28 294
28 788
28 1130
28 1160
28 1673
28 2006
29 329
29 1533
29 2096
29 333
29 1315
29 2143
30 329
30 1323
31 1566
31 2101
31 533
31 1405
31 2111
31 2158
32 367
32 2040
32 174
32 2132
33 1102
33 1575
33 1683
34 222
34 1856
34 244
34 763
34 1281
34 1342
34 1525
35 1737
35 1024
35 1350
36 1902
37 349
38 1321
38 808
38 926
38 206
39 39
39 1555
40 1056
40 2080
40 1596
40 1799
40 1817
40 47
40 1697
40 98
40 1070
40 496
40 1626
41 1573
42 42
43 1513
44 416
44 2009
45 72
45 1628
45 380
45 112
45 1841
45 376
45 1570
45 713
45 295
45 1533
45 1070
45 1436
45 1560
45 1018
45 2007
46 337
46 1925
46 2046
47 710
48 175
49 134
49 419
49 515
50 1137
51 83
51 144
52 1468
52 175
53 288
53 926
53 1683
54 284
55 466
56 1569
56 109
57 1951
57 1751
58 1323
59 1362
59 1934
59 1661
59 564
59 452
59 517
59 673
59 785
59 918
59 1121
59 1387
59 1614
59 1930
60 1792
61 1039
62 1376
63 926
64 1656
64 885
64 926
65 1917
66 182
66 166
66 839
66 1564
66 1788
67 986
67 926
67 1994
67 1683
67 1097
68 1240
68 802
69 329
69 1100
69 103
69 1356
70 926
70 529
70 764
71 486
72 422
72 1568
72 1788
72 1146
72 1220
72 1815
72 816
72 1530
72 1332
72 948
72 1056
72 132
72 1355
72 2090
72 1991
72 1308
72 166
72 553
72 1411
72 1961
72 1158
72 114
72 336
72 1670
72 1941
72 1792
73 739
74 1293
74 1817
74 329
74 1697
75 926
76 2030
76 1356
77 875
78 926
79 2019
80 206
80 1323
80 2155
80 1310
81 717
82 713
82 2059
82 82
82 1326
82 824
83 914
83 926
83 329
83 1560
83 1797
83 2143
83 290
84 2065
84 957
84 403
84 1644
84 613
84 655
84 635
84 646
84 2138
84 1547
84 2019
85 926
86 926
87 859
88 1753
88 1122
88 958
89 1277
90 1427
90 134
90 1902
90 229
91 641
91 926
91 333
92 1336
92 356
92 1523
92 2065
92 624
93 1070
93 1083
94 146
95 725
95 424
95 473
95 958
95 1207
95 1509
95 926
96 572
96 1830
96 345
96 341
96 324
96 1351
96 1684
96 1218
97 1375
97 1085
98 867
98 1615
98 1196
98 479
98 2098
98 2065
98 508
98 1623
98 490
98 1763
98 713
98 624
98 926
98 98
98 284
98 426
98 652
98 673
98 888
98 938
98 1057
98 1259
98 1538
98 1805
98 2111
99 425
99 1774
99 179
99 926
99 2069
99 1436
99 1871
99 194
99 1351
99 1315
100 510
101 462
101 2015
102 1282
102 1564
102 1105
103 1056
103 769
103 1968
103 950
103 958
103 1934
103 1872
103 2078
103 1751
103 975
103 1196
103 479
103 2098
103 1302
103 1763
103 1030
103 1377
103 1375
103 2090
103 141
103 147
103 154
103 224
103 281
103 350
103 354
103 560
103 629
103 727
103 737
103 741
103 792
103 893
103 915
103 964
103 1089
103 1094
103 1125
103 1133
103 1134
103 1152
103 1181
103 1189
103 1272
103 1285
103 1324
103 1363
103 1453
103 1469
103 1532
103 1538
103 1597
103 1614
103 1618
103 1633
103 1674
103 1731
103 1764
103 1805
103 1820
103 1928
103 1930
103 1954
103 2111
104 585
104 1501
104 193
105 2007
105 1533
105 926
106 264
106 714
106 1170
106 1262
106 1311
107 329
107 2096
107 926
107 1315
107 2143
107 1356
108 926
109 176
109 213
109 226
109 343
109 395
109 499
109 548
109 596
109 689
109 721
109 751
109 769
109 782
109 816
109 1005
109 1071
109 1294
109 1300
109 1551
109 1573
109 1695
109 1816
110 1468
111 2160
112 613
112 380
112 382
112 1841
112 1882
112 1628
112 1533
113 527
114 1727
114 514
114 1314
114 1326
114 553
114 713
114 2052
114 926
114 2148
114 1533
114 2069
114 1070
114 755
114 1351
114 1020
115 769
115 713
115 1241
115 483
115 1051
115 1618
115 1868
116 1615
116 2163
117 2019
117 1037
117 1054
117 1176
117 1575
117 1683
118 166
119 1122
120 374
121 1468
121 228
121 431
121 851
121 1067
121 1740
121 2034
122 348
122 1615
122 288
122 785
122 791
122 964
122 1614
123 1968
123 548
123 689
123 561
124 905
125 689
125 2009
126 2100
127 1333
127 1127
127 1795
127 419
128 1583
129 656
130 320
130 763
131 1615
132 1137
132 615
132 1605
133 794
134 336
134 428
135 926
136 926
137 875
138 1817
139 1885
140 459
141 1004
141 926
141 333
142 926
143 1224
143 926
144 144
145 473
146 1359
146 1235
146 2143
146 1459
146 2145
147 641
147 333
148 1008
149 1441
149 2113
150 867
150 362
150 1615
150 1872
150 222
150 479
150 1557
150 798
150 231
150 244
150 284
150 407
150 510
150 652
150 741
150 767
150 791
150 792
150 1133
150 1134
150 1301
150 1469
150 1614
150 1633
150 1673
150 1736
150 1870
150 1997
150 2087
150 2159
151 840
152 646
153 176
154 926
154 333
154 925
155 1052
156 1637
156 499
157 157
157 914
158 975
158 1547
159 1101
160 666
160 1309
160 1494
161 926
162 1047
163 926
164 1533
164 333
164 2155
164 804
164 1811
165 991
166 391
166 424
166 1494
166 651
166 1361
166 1385
166 811
166 1335
166 2012
166 713
166 1799
166 2005
166 312
166 1326
166 1434
167 1321
167 926
167 1560
167 1154
167 333
167 1315
168 670
169 2019
169 333
170 1578
171 1729
172 926
172 516
173 173
173 238
173 1021
173 914
173 329
173 1323
173 2143
174 222
176 1154
176 1687
176 1967
177 548
177 251
177 926
177 329
177 1533
177 1004
177 1436
177 1315
177 2143
178 926
179 1637
179 1932
179 1254
179 1628
179 660
179 1494
180 673
180 818
180 899
180 1983
181 1447
182 811
182 1335
182 2012
182 1326
183 329
183 2143
184 1295
185 825
186 631
187 348
188 329
189 377
189 1278
189 726
189 226
190 1238
190 1816
190 963
191 396
191 888
192 969
193 1312
193 679
193 585
193 1314
193 1501
193 1862
193 1704
193 493
193 1366
193 2155
194 635
194 1125
195 534
196 583
197 1929
198 432
199 763
200 455
201 1441
203 1905
204 837
205 218
206 485
206 1152
206 1464
206 1839
207 1019
207 1448
208 269
208 2108
208 1509
208 1547
208 887
209 532
210 1550
211 910
212 2037
213 796
213 914
214 1943
215 1787
215 1743
215 2009
215 1021
216 1070
217 1056
219 292
220 1544
221 647
221 2009
221 978
222 926
222 1877
222 1876
222 244
223 1369
223 1783
224 1004
224 507
224 361
224 263
224 1176
224 926
225 1277
225 926
225 1415
226 675
226 581
226 809
226 1846
226 1219
226 558
226 863
226 1442
226 1685
226 846
226 1649
226 2059
226 416
226 931
226 926
226 329
226 2069
226 1070
226 263
226 1100
226 1871
226 1366
226 1753
226 1864
226 1177
226 1428
226 467
226 2007
227 1107
228 1039
228 1070
228 926
228 516
229 1981
230 1090
230 1332
230 1781
230 404
232 1319
232 1875
232 1547
233 501
233 297
234 901
234 1520
234 333
234 804
235 756
235 1971
235 914
235 1792
236 297
237 1951
238 238
238 297
239 1267
240 1477
241 1841
242 1140
243 243
243 926
244 1114
244 1877
244 1876
244 304
244 1280
245 1079
246 891
246 1399
246 1644
247 414
247 1547
248 624
248 760
248 772
248 846
248 1732
248 2082
249 376
249 1726
249 914
249 1641
250 1536
252 756
252 1145
252 639
253 1530
254 463
254 1477
255 1923
255 1547
256 927
257 926
258 1106
259 846
259 2069
259 1004
259 1070
259 1366
260 1405
260 1430
260 1666
260 1754
261 1368
261 368
261 666
261 1340
261 416
261 1308
261 813
261 2080
261 1153
261 1326
261 713
261 1558
261 618
261 499
261 1817
261 315
261 1165
261 345
262 329
262 834
263 722
263 1880
263 336
263 1868
264 546
265 2083
266 1868
267 1441
268 1788
269 417
269 616
269 628
269 1044
269 1048
269 1083
269 1120
269 1380
269 1423
269 1486
269 1713
269 2169
270 745
271 389
271 1685
271 1901
272 926
272 329
272 778
272 1321
272 1749
272 363
273 410
273 411
273 734
273 792
273 826
273 911
273 1134
273 1179
273 1296
273 1710
273 1919
273 1928
273 1930
273 1960
274 1531
275 1676
276 926
277 1047
277 931
277 1031
277 1260
278 1570
279 687
280 1132
281 303
281 612
281 877
281 2119
281 1310
282 348
282 1223
282 1411
282 1817
283 348
283 1223
284 2148
284 926
284 1877
285 1494
285 2112
285 666
285 651
285 1863
285 1327
285 1991
285 312
285 499
285 1817
285 1105
285 2134
285 329
285 1811
285 2148
285 1323
285 444
285 1243
286 973
286 1825
287 325
287 1605
287 1570
287 1628
287 1503
287 1547
288 1054
288 1176
288 1683
289 773
290 926
290 998
291 1017
293 1547
294 1385
294 786
294 926
294 641
294 1359
294 1533
294 1070
294 1315
294 2007
295 549
295 1030
296 1333
296 1636
296 333
296 1315
297 325
297 389
297 391
297 424
297 494
297 512
297 757
297 798
297 814
297 935
297 967
297 1108
297 1138
297 1232
297 1266
297 1537
297 1551
297 1668
297 1669
297 1695
297 1886
297 1888
297 1927
297 2029
297 2070
297 2100
297 2156
298 1100
298 926
299 329
300 1547
301 490
302 1385
303 1321
303 303
303 684
303 1473
305 1381
306 1807
306 1033
306 873
307 926
308 1132
309 1729
310 1896
310 310
310 1037
310 1054
310 1585
310 319
310 1683
310 1406
310 1305
310 1763
311 1980
311 311
312 2013
312 1494
312 1326
312 713
312 666
312 651
312 1112
312 1991
312 1799
312 1327
312 2005
312 869
313 1111
314 552
314 823
314 2111
315 549
315 1523
316 1586
316 1209
317 926
318 1654
318 1085
318 1860
319 1934
319 1763
319 950
319 1896
319 2090
319 344
319 1324
321 1436
321 333
321 680
322 1070
322 2030
323 803
324 1390
324 356
324 1523
324 2065
324 1011
324 1826
324 2024
325 570
325 664
325 1843
325 1375
325 914
326 914
327 336
328 1377
329 744
329 830
329 769
329 635
329 1223
329 1934
329 1644
329 2065
329 1763
329 1086
329 1968
329 1872
329 2101
329 1828
329 1737
329 479
329 846
329 1831
329 376
329 624
329 689
329 2151
329 1031
329 1314
329 854
329 867
329 880
329 561
329 992
329 722
329 1343
329 1257
329 490
329 816
329 713
329 1010
329 1344
329 1486
329 329
329 926
329 1788
329 456
329 510
329 523
329 551
329 552
329 580
329 634
329 652
329 774
329 791
329 792
329 799
329 904
329 964
329 1094
329 1117
329 1121
329 1133
329 1134
329 1443
329 1469
329 1492
329 1538
329 1541
329 1614
329 1618
329 1725
329 1731
329 1805
329 1919
329 1928
329 2035
329 2081
329 2087
329 2111
329 2135
330 1664
330 909
331 362
331 984
331 1465
331 1633
332 926
333 394
333 431
333 552
333 576
333 697
333 790
333 791
333 799
333 823
333 827
333 904
333 918
333 938
333 962
333 984
333 989
333 990
333 995
333 1011
333 1104
333 1125
333 1133
333 1134
333 1160
333 1259
333 1283
333 1301
333 1353
333 1363
333 1398
333 1400
333 1471
333 1485
333 1532
333 1538
333 1539
333 1653
333 1657
333 1673
333 1709
333 1725
333 1750
333 1764
333 1791
333 1805
333 1822
333 1839
333 1895
333 1937
333 1954
333 1960
333 1962
333 1977
333 2035
333 2087
333 2111
334 1560
335 1729
336 1533
336 1877
336 1070
336 1054
336 1560
336 1154
336 429
337 2046
337 1260
337 665
337 2060
338 1547
338 759
338 1993
339 926
340 1416
341 1375
341 492
341 989
341 990
341 1428
342 926
342 516
342 883
344 878
344 1323
345 503
345 582
345 1848
345 1934
346 1545
346 1848
347 926
348 1009
348 1237
348 1418
348 926
348 947
351 646
352 547
353 1257
353 1738
354 1315
354 1586
355 2085
356 2041
357 1729
358 1176
358 1239
358 637
358 1615
359 559
360 1390
360 1025
360 633
360 1160
360 1765
362 1841
362 834
362 507
362 419
362 1560
362 1567
362 1315
362 1633
363 619
363 1934
363 1469
364 528
365 1811
365 1586
365 2019
365 1585
365 476
366 1900
367 1476
367 1562
368 2009
368 424
368 1158
368 1309
368 499
368 816
368 957
368 895
368 1990
368 926
368 1687
368 858
369 1969
370 1621
371 1848
372 417
373 926
374 1436
375 1105
376 880
376 2164
376 1483
376 1934
376 1257
376 1848
376 556
376 424
376 926
376 1645
377 2113
377 726
377 1105
378 2089
378 926
379 888
379 984
380 1841
380 1628
381 1348
382 1564
382 1335
383 809
384 926
385 713
386 926
386 1560
386 894
386 881
387 514
387 1848
387 713
387 547
388 2037
389 1102
390 1866
391 424
391 1494
391 713
391 869
392 926
393 756
394 1436
396 926
396 1892
397 1212
398 684
399 973
400 1573
400 430
400 1868
400 2043
401 1265
402 2083
403 710
403 465
404 1090
404 713
405 1161
405 926
406 970
407 1321
407 1176
407 680
408 886
409 488
409 2138
410 926
411 1321
411 979
411 1412
412 619
412 1623
413 1257
413 525
413 2005
414 856
414 1540
415 2098
415 580
416 2005
416 948
416 2027
416 1628
416 1654
417 1547
418 1048
418 1772
419 1934
419 1223
419 495
419 911
419 1155
419 1602
419 1633
419 1731
420 1192
421 1533
422 1547
422 641
423 926
423 1115
423 1572
424 958
424 713
424 1886
424 499
424 816
424 647
424 2121
424 1757
424 2096
425 1915
426 926
427 1736
428 926
429 1382
429 1355
429 871
430 1004
430 1489
430 1459
432 618
432 647
432 1523
432 1838
432 2121
433 2101
434 926
435 926
435 516
436 1205
436 1533
437 563
437 2151
438 1122
439 926
440 1168
441 1286
442 1070
442 1054
443 2052
444 1763
445 1814
446 1713
447 463
448 2037
449 1729
450 498
450 763
451 926
452 926
453 1523
453 1376
453 2024
454 1463
455 944
455 1277
455 664
455 1477
456 1128
457 1578
458 796
460 917
461 1436
462 1621
463 875
463 1111
463 1580
463 1848
464 1884
464 1879
464 1748
465 1277
465 575
466 466
466 1637
466 816
467 1798
468 2057
469 1493
470 1505
470 1870
471 1811
472 1523
472 1125
473 856
473 875
473 927
473 1073
473 1102
473 1687
474 1587
475 745
477 706
478 926
478 698
479 2047
479 926
479 1697
479 1978
479 1645
479 641
479 622
479 2148
479 1321
479 2069
479 1004
479 1054
479 1100
479 1797
479 1315
479 1243
479 799
480 1720
481 1889
481 507
481 1913
481 926
481 516
482 1229
484 2177
484 1603
485 1321
485 808
485 926
486 926
486 641
486 1166
487 1039
487 1903
487 926
489 2121
490 1087
490 2096
490 1645
490 641
490 1323
491 713
492 2148
492 1533
493 1440
495 1127
496 1623
496 1486
496 2111
497 926
497 2026
499 2009
499 1551
499 1257
499 1742
499 590
499 1863
499 958
499 816
499 1848
499 848
499 1355
499 1157
499 2121
499 1817
499 686
499 1009
499 926
499 2096
499 1054
499 1456
499 1650
500 514
500 794
501 647
502 1372
503 1137
503 547
503 926
503 1749
504 1844
504 926
505 1342
506 926
506 516
507 1737
507 685
507 713
507 1052
507 1190
507 1443
507 1467
507 1633
507 1731
507 1928
508 931
508 622
509 1329
510 1366
511 2125
513 1332
513 1411
514 1762
514 1855
514 2067
514 1848
514 1232
514 2027
514 627
514 1180
514 926
515 1957
516 722
516 1934
516 1336
516 849
516 689
516 562
516 836
516 852
516 972
516 1034
516 1147
516 1270
516 1402
516 1640
516 1722
516 1897
516 1945
517 2096
517 641
517 778
518 1026
518 1508
518 1741
519 1547
520 1337
520 1411
521 1547
522 1843
523 1871
523 1166
523 2143
524 926
525 1205
525 725
525 1330
525 1789
525 668
526 652
526 832
527 926
527 1703
529 1132
529 529
529 926
530 926
531 1852
533 1884
533 770
533 1533
533 1100
534 736
535 1547
535 1604
535 1986
535 2008
537 1365
537 1588
538 1441
539 927
539 1547
540 849
540 1799
540 1010
540 2080
540 2090
540 1137
540 2052
540 834
541 984
542 653
542 1044
542 1430
543 1139
544 638
545 1963
545 629
545 727
545 1297
545 1469
545 1610
545 1908
546 905
547 1044
547 1310
547 1776
547 1981
548 1257
548 1796
548 926
548 1949
548 1043
548 1553
548 1230
548 1434
549 665
549 2071
549 926
550 2037
551 926
551 1069
551 1315
552 1321
552 1533
552 2069
552 643
552 2143
553 1981
553 1095
553 1411
553 1815
553 1332
553 1326
553 1533
553 1455
554 2037
555 1547
556 2009
556 574
556 713
556 1815
557 1377
558 1654
558 948
558 729
558 1817
558 908
560 1039
561 1981
561 1670
561 1533
561 1004
561 1054
561 1037
561 1100
561 2143
562 926
563 1671
563 2140
564 926
564 1321
564 1054
564 941
564 2019
564 1745
565 1934
566 1408
567 1387
568 679
568 1786
568 1932
569 1092
570 756
570 1670
570 1778
570 1019
570 926
570 1230
570 1349
570 2122
571 1452
571 1792
572 579
573 573
574 1070
574 2048
576 1683
576 1459
576 1811
577 769
578 1190
578 1376
578 1736
578 2114
579 850
579 1261
579 2005
580 641
580 926
580 1315
580 1794
580 1619
581 948
581 627
581 1158
581 581
582 2040
582 1187
582 713
582 830
582 2062
582 1766
582 846
582 1942
582 2031
582 622
583 2019
583 1431
583 1176
583 1560
584 681
585 1314
585 1501
585 1862
585 1312
585 679
586 1533
586 1811
587 926
587 1811
588 713
589 666
589 701
591 1052
591 1603
592 1122
592 1943
592 1779
592 1816
593 1560
594 1122
595 1615
596 926
597 1725
598 1654
599 1054
599 926
600 1360
600 2152
601 1124
601 1351
601 1218
601 1672
602 1313
603 818
604 1509
605 1035
606 712
606 1305
607 2150
608 846
608 914
609 2146
610 1934
610 1760
611 1061
612 1661
613 1712
614 1573
616 693
616 1414
616 914
616 2108
616 1547
617 685
617 1015
617 1279
619 801
619 1212
619 846
619 1965
619 2009
619 749
619 914
620 1918
621 1641
622 1056
622 769
622 1223
622 713
622 774
622 792
622 903
622 924
622 962
622 1134
622 1673
622 1930
623 1782
624 1622
625 1540
626 1533
626 1154
626 1683
626 1305
627 1448
627 2078
627 1654
627 1483
628 1984
628 1772
629 926
630 713
631 1947
632 1059
633 753
634 1409
634 1247
634 1854
635 927
635 2049
635 926
635 1533
635 2069
635 682
636 2009
638 1467
639 1085
639 1375
640 1638
641 1899
641 1196
641 1257
641 2098
641 673
641 799
641 898
641 938
641 1134
641 1181
641 1836
641 1997
641 2135
642 1934
643 816
643 1934
643 1344
643 1203
644 704
644 2105
645 835
646 659
646 1132
646 1214
646 1463
646 1639
647 2121
647 687
647 713
647 977
648 1334
649 809
650 1070
651 1309
651 666
651 1888
651 1076
651 701
651 1442
651 713
651 848
651 1090
651 2112
651 1689
651 1991
651 1326
651 1327
651 1863
651 1494
651 1096
652 926
652 1893
654 890
655 1316
657 1721
658 2007
659 713
659 945
659 1358
660 1576
660 1883
660 1533
660 1315
661 2019
662 926
662 2155
663 2000
664 1278
664 1325
665 828
665 1637
665 809
665 1137
666 2112
666 1689
666 1991
666 1326
666 1327
666 1494
666 713
667 1070
669 669
669 725
669 1789
669 824
671 1686
672 713
672 1162
673 1321
673 1871
673 2096
673 808
673 1315
674 1690
675 1933
675 713
675 1654
676 1391
677 790
678 1509
678 926
679 1314
679 1501
679 1540
679 1312
680 888
680 1398
680 1678
680 1983
681 1818
682 2101
683 1006
684 818
684 2086
686 1540
687 1309
687 713
687 1416
687 1540
687 1308
688 1441
689 1860
689 1817
689 926
689 1949
689 1515
689 1043
689 1231
690 1533
690 926
691 926
692 1614
692 1907
694 1509
695 1315
696 780
698 1025
698 788
698 1242
699 1899
699 1459
700 1318
700 1503
701 1512
701 1564
701 2052
702 1526
703 1091
705 922
707 926
708 803
709 926
710 1896
710 1509
711 2069
711 1070
711 1871
711 2007
712 1336
712 1136
713 1223
713 1528
713 1845
713 722
713 731
713 1872
713 1680
713 2077
713 932
713 1309
713 1675
713 1934
713 1257
713 1090
713 907
713 816
713 1530
713 1332
713 1250
713 2112
713 1219
713 1056
713 1163
713 813
713 954
713 1689
713 2090
713 1991
713 1308
713 2121
713 869
713 1632
713 1327
713 1157
713 784
713 1411
713 1340
713 1344
713 1763
713 2129
713 1385
713 1494
713 1346
713 1291
713 1645
713 778
713 1533
713 1321
713 1333
713 2128
713 1166
713 2143
713 1243
714 1212
714 786
714 926
714 1871
714 1404
715 1962
716 1844
716 1010
716 2084
716 716
716 1330
716 940
716 1257
716 2009
716 2080
718 1700
719 1523
719 738
720 1614
722 1173
722 1137
722 2080
722 1369
722 1717
722 2139
722 1811
722 1533
723 926
724 1647
725 1163
725 1072
725 794
725 2005
725 1573
725 1392
727 1533
728 2019
728 1970
728 2002
728 1176
728 2155
728 812
728 1848
729 1070
730 1547
731 907
731 1326
731 2052
732 1252
733 914
734 892
734 1339
735 2060
737 926
740 1554
740 1305
741 2096
742 761
743 2037
743 1808
744 1933
744 1896
744 1809
744 926
744 770
747 2013
747 1592
747 1405
748 810
750 1833
751 914
752 1323
753 1765
753 1908
754 1344
756 1325
757 769
758 1016
758 783
759 2078
759 1751
759 989
759 990
759 1040
759 1125
759 1539
759 1764
759 1812
759 2127
761 1957
762 1615
763 1520
763 1560
763 1304
765 1391
766 1441
767 926
767 1612
768 1729
769 1817
769 1887
769 926
769 1533
769 1070
769 1100
769 2143
770 1644
770 1566
770 1763
770 2101
770 2009
770 774
770 1121
770 2135
771 1729
773 1075
774 1949
774 1001
774 2143
774 1459
775 1166
776 1667
777 1334
777 1936
778 1623
778 1382
778 1259
778 1614
779 1054
781 1759
783 1118
783 1314
783 1491
783 1594
783 2073
785 1004
785 926
785 1946
786 1817
787 1303
788 2007
789 926
790 1070
790 1533
790 1555
791 1520
791 793
791 1459
792 2103
792 2143
793 938
793 1160
793 1259
793 1614
794 1137
794 1495
794 1236
794 1813
795 1105
795 926
796 1941
797 2078
797 1208
798 1444
798 1662
799 1039
799 1321
799 1100
799 1004
799 1054
799 941
799 2143
799 1459
799 1978
800 1224
801 1293
802 1578
803 1889
803 1662
803 1994
803 1305
804 1880
805 1468
806 2087
807 1448
808 958
809 1654
809 1766
809 948
809 1000
809 951
809 1816
809 1817
809 1547
809 1715
810 1451
811 839
811 1788
813 1838
813 2138
815 2036
816 1411
816 2009
816 1314
816 1645
816 1321
816 1004
816 1070
816 1611
816 1555
816 833
816 1606
816 2150
817 1085
818 2150
818 1235
818 926
818 1560
818 1315
818 1149
819 968
820 2037
820 2079
821 2007
821 1713
822 2037
823 1520
823 939
823 1314
824 2037
824 1072
824 1326
824 1504
824 1882
824 2084
826 926
827 1459
829 1107
830 2062
830 926
830 1533
830 1683
830 1315
831 926
832 2030
832 2026
832 1548
833 1344
833 1615
833 1142
834 1828
834 1633
836 1662
836 926
836 883
838 1962
839 2012
839 2112
839 914
841 994
841 1624
842 1873
843 926
844 1014
845 892
846 1693
846 2050
846 935
846 1405
846 1411
846 1326
846 1781
846 1332
846 1207
846 1533
846 1323
847 2017
848 1090
848 1494
848 1509
849 1316
849 926
851 926
852 926
853 1484
854 1779
854 1093
854 1943
854 2151
855 2037
855 2028
856 1389
856 1518
856 1061
856 1547
856 1070
856 933
857 2170
860 1100
860 926
861 934
862 1176
862 926
863 1654
864 1246
865 865
865 1625
866 1828
867 1131
867 926
867 1877
867 1749
868 1755
869 1170
869 1838
869 1438
869 1564
869 1326
870 1122
871 1436
871 1366
872 1164
873 1175
874 1391
875 1329
876 2038
878 1226
878 1597
879 891
880 926
880 1315
880 2143
881 1399
882 926
882 1529
883 1182
884 1847
887 1083
888 1351
888 926
888 1560
888 1684
888 1892
888 1615
889 1460
891 963
891 1323
891 1871
891 1315
892 1211
892 1283
893 1004
893 2155
894 2111
895 931
895 2068
896 1366
897 1747
898 1662
898 1323
899 1333
899 1315
899 1171
900 926
900 1349
901 1126
902 1364
903 1315
906 912
907 1023
907 988
910 2064
910 1547
911 1127
911 2103
911 926
911 1859
913 1637
913 1137
914 958
914 981
914 1019
914 1072
914 1223
914 1253
914 1263
914 1316
914 1377
914 1447
914 1506
914 1537
914 1559
914 1573
914 1592
914 1695
914 1719
914 1742
914 1816
914 1860
914 1888
914 1932
914 1996
914 2049
914 2078
914 2173
915 915
916 1875
918 1645
918 1323
919 2019
919 1431
919 1176
919 1174
919 1190
919 1357
920 1490
920 1965
920 1689
920 2090
920 1476
920 2121
920 1245
921 1784
921 1669
921 1509
921 1436
923 1223
924 926
926 1461
926 1621
926 950
926 2017
926 1365
926 1354
926 2049
926 1241
926 1031
926 1261
926 1238
926 1280
926 1382
926 1934
926 1044
926 2105
926 1856
926 1929
926 1452
926 2078
926 1523
926 1841
926 1468
926 1788
926 2010
926 1828
926 2098
926 1831
926 1399
926 1336
926 1375
926 1756
926 1623
926 1111
926 2013
926 1615
926 1390
926 1616
926 1355
926 1848
926 1257
926 937
926 941
926 942
926 965
926 966
926 971
926 972
926 983
926 984
926 987
926 999
926 1015
926 1024
926 1034
926 1036
926 1041
926 1042
926 1052
926 1057
926 1058
926 1063
926 1065
926 1067
926 1080
926 1089
926 1099
926 1116
926 1117
926 1125
926 1129
926 1133
926 1134
926 1135
926 1139
926 1141
926 1144
926 1147
926 1148
926 1150
926 1155
926 1159
926 1167
926 1184
926 1186
926 1189
926 1197
926 1210
926 1221
926 1259
926 1267
926 1272
926 1281
926 1286
926 1289
926 1313
926 1328
926 1342
926 1353
926 1379
926 1383
926 1386
926 1387
926 1388
926 1393
926 1401
926 1410
926 1413
926 1417
926 1422
926 1432
926 1480
926 1492
926 1514
926 1521
926 1535
926 1539
926 1542
926 1579
926 1591
926 1599
926 1602
926 1610
926 1617
926 1620
926 1635
926 1638
926 1646
926 1674
926 1678
926 1691
926 1709
926 1722
926 1725
926 1760
926 1761
926 1768
926 1803
926 1834
926 1849
926 1857
926 1870
926 1881
926 1897
926 1910
926 1930
926 1939
926 1949
926 1952
926 1954
926 1973
926 1974
926 1997
926 2022
926 2025
926 2034
926 2039
926 2107
926 2122
926 2124
926 2126
926 2127
926 2153
926 2159
926 2176
927 1540
927 1191
927 1076
927 1300
927 1942
927 2095
927 1090
927 1848
927 1327
927 963
927 1905
927 1334
928 2075
928 1547
929 1540
929 1426
929 1547
930 1955
931 2009
931 1207
931 1817
931 1477
933 958
934 1577
935 1551
935 1411
935 1332
936 1037
939 2046
939 1661
939 1314
939 1152
939 1387
939 1464
939 1919
939 1954
939 2153
941 1399
941 941
941 1452
941 1559
943 1654
944 1362
944 1355
944 1546
945 1072
945 1713
946 1687
946 1459
948 2061
948 1486
948 2046
948 948
948 1920
948 1654
948 1766
948 1219
948 1533
949 1871
950 2011
950 1324
951 1817
952 1787
953 1153
954 2164
955 1763
956 1046
957 1961
957 1423
958 1321
958 1333
958 1550
959 1817
960 987
961 2098
962 1412
963 1815
964 1054
964 1683
968 1522
970 1969
970 2066
974 1070
975 1450
975 1091
975 1366
976 1463
977 1274
977 1641
978 1249
978 1803
979 1296
980 1874
981 1796
981 1496
982 1547
982 1456
984 1956
984 1692
984 1684
985 1909
989 1039
989 1070
989 1533
990 1039
990 1070
990 1533
992 1533
992 1054
992 1037
992 1100
993 1850
995 1520
996 1323
997 1312
999 1054
1000 1664
1000 1547
1002 1054
1003 1262
1003 1990
1004 2151
1004 1573
1004 1223
1004 1086
1004 1241
1004 1523
1004 1623
1004 1763
1004 1010
1004 1505
1004 1344
1004 1376
1004 1822
1004 1928
1004 1931
1004 1960
1004 2043
1007 1943
1010 1848
1010 2080
1010 2096
1010 1533
1010 2069
1010 1315
1011 1323
1012 1547
1013 1817
1013 1540
1013 1623
1016 2009
1016 1730
1018 1376
1019 1072
1019 1019
1019 1596
1022 1321
1023 1774
1023 1540
1023 1550
1025 1533
1025 1527
1025 1351
1026 1771
1027 1547
1028 1912
1029 2137
1031 1314
1031 1268
1031 2096
1031 1645
1031 2069
1032 2126
1036 1533
1037 1968
1037 1934
1037 1896
1037 1776
1037 1763
1037 1443
1037 1868
1038 1364
1038 2033
1039 1800
1039 1858
1039 1937
1039 1954
1039 2081
1039 2111
1040 2148
1040 1070
1040 1533
1042 1042
1044 1430
1044 1621
1044 1533
1044 1455
1045 1180
1046 2163
1049 1700
1049 1571
1050 1277
1050 2009
1050 1084
1050 1905
1050 1392
1050 1547
1051 1359
1051 1560
1051 1811
1052 1321
1053 1817
1054 1968
1054 1934
1054 1896
1054 1848
1054 1911
1054 1373
1054 1776
1054 1763
1054 1130
1054 1152
1054 1406
1054 1424
1054 1443
1054 1673
1054 1734
1054 1868
1054 2153
1054 2158
1055 1436
1055 2051
1056 2164
1056 1680
1056 1326
1056 1056
1056 1811
1056 2148
1056 1533
1056 1323
1056 1871
1056 1154
1056 1964
1056 1769
1056 1716
1059 1948
1060 2110
1062 1158
1063 1070
1064 2143
1065 1645
1066 1753
1067 1533
1068 1996
1070 1621
1070 1254
1070 1788
1070 1872
1070 2078
1070 1382
1070 1375
1070 1355
1070 1899
1070 2009
1070 1623
1070 1344
1070 1156
1070 1398
1070 1471
1070 1653
1070 1673
1070 1764
1070 1916
1070 2025
1070 2034
1070 2088
1070 2111
1071 1637
1072 1971
1073 2042
1074 1111
1076 1888
1077 1976
1078 2127
1079 2175
1081 1848
1081 1613
1082 1729
1083 1943
1083 1807
1083 2108
1083 1547
1083 1688
1085 1884
1085 1879
1085 1570
1086 2007
1088 1615
1090 1308
1090 1326
1090 1494
1090 1642
1091 1807
1093 1943
1093 2151
1093 1779
1095 1817
1096 1327
1098 1395
1100 1968
1100 1566
1100 2101
1100 1196
1100 1763
1100 1100
1100 1691
1100 1822
1100 1960
1101 1101
1102 1540
1102 2009
1102 1435
1102 1467
1102 1908
1103 1900
1104 1871
1107 1256
1107 1370
1107 1470
1107 1682
1107 1718
1107 2130
1108 1212
1108 1314
1109 2143
1110 1452
1111 1884
1111 1573
1111 1237
1111 1477
1111 1924
1111 1287
1112 2005
1112 2018
1113 1681
1114 1521
1114 1957
1116 1230
1119 1772
1120 2108
1120 1547
1122 1516
1122 1589
1122 1802
1122 1986
1122 2123
1123 1644
1123 1331
1123 1560
1123 2143
1125 2019
1125 1560
1125 1459
1127 1155
1127 1602
1127 1633
1127 1731
1128 1960
1130 1436
1131 1345
1131 1705
1131 2016
1132 1547
1133 2148
1133 1871
1133 2069
1133 2096
1133 1697
1133 1243
1133 1459
1134 1871
1134 2069
1136 1560
1137 2049
1137 2009
1137 2005
1137 2027
1137 1173
1137 1212
1143 1547
1145 1654
1145 1807
1147 1853
1148 1533
1151 1251
1152 1321
1152 1533
1152 2096
1152 2143
1152 2145
1153 1537
1154 1798
1154 1297
1154 1469
1154 1908
1155 1575
1157 1288
1157 2009
1157 1212
1157 1848
1157 1905
1158 1293
1158 1170
1158 1632
1160 1533
1160 1555
1160 1520
1160 1459
1162 1162
1162 1848
1163 1815
1166 1486
1166 1928
1169 1277
1172 2146
1173 2005
1173 1914
1175 1816
1175 1817
1176 1211
1176 1215
1176 1283
1176 1406
1176 1633
1176 1764
1176 2127
1179 2148
1179 2069
1179 1323
1181 1333
1181 1235
1181 1315
1183 1332
1183 1411
1184 1407
1185 2098
1187 1326
1188 1729
1190 1436
1191 2009
1192 1878
1193 1430
1194 1880
1195 1690
1196 1277
1196 2096
1196 1871
1198 1201
1199 1535
1200 1751
1202 1827
1204 1557
1205 1423
1206 1789
1207 1391
1207 1816
1208 2096
1208 1323
1211 1321
1212 1637
1212 1845
1212 1817
1213 1424
1216 1563
1217 1321
1219 1564
1219 1590
1220 1807
1221 2011
1222 2142
1223 2050
1225 2030
1226 1520
1226 1560
1226 1683
1226 1475
1227 1835
1228 1255
1228 2004
1230 1280
1230 2122
1232 1689
1233 1547
1234 1725
1235 1314
1238 1540
1243 1301
1243 1954
1244 1411
1244 2146
1245 1490
1248 1943
1254 1576
1254 1533
1257 1340
1257 1507
1257 1766
1257 2080
1257 1988
1257 2005
1257 1819
1257 1832
1257 2069
1258 1975
1259 2030
1261 1445
1262 1528
1262 1326
1262 2019
1263 1384
1264 1334
1264 1746
1264 1509
1266 1334
1267 2055
1269 2052
1271 1502
1271 1547
1271 1420
1273 1757
1274 1882
1274 1483
1274 1979
1275 1654
1276 1484
1277 1823
1277 1996
1280 1770
1280 1349
1280 2122
1281 1758
1284 1481
1285 1459
1287 1354
1288 1848
1288 1899
1288 1905
1290 2068
1292 2075
1297 2003
1297 1967
1297 1716
1298 1334
1299 1757
1301 2069
1302 1366
1305 1858
1305 1910
1306 1934
1307 1748
1308 1411
1308 2164
1308 1326
1308 2110
1308 1509
1309 1632
1309 1327
1309 1863
1309 2009
1309 1494
1310 1547
1310 1323
1310 2155
1310 1839
1312 1501
1313 1811
1314 1855
1314 1411
1314 1501
1315 1968
1315 1934
1315 1661
1315 1382
1315 1387
1315 1633
1315 1725
1315 1983
1315 1997
1315 2096
1315 2159
1317 1433
1318 1426
1318 1411
1320 1889
1321 1872
1321 1661
1321 1377
1321 1344
1321 1928
1322 1519
1323 2009
1323 1341
1323 1464
1323 1593
1323 1607
1323 1648
1323 1826
1323 2035
1325 1817
1326 1411
1326 1385
1326 1680
1326 1494
1326 1654
1326 1530
1326 1332
1326 1848
1326 1813
1327 1863
1327 1494
1327 2112
1327 1991
1329 1969
1329 1329
1329 1547
1330 1457
1330 1654
1332 1411
1332 2101
1332 1968
1332 1951
1332 2139
1333 1343
1333 1872
1333 1486
1333 1836
1334 1639
1334 1831
1334 1861
1334 2133
1336 1533
1337 1748
1338 1408
1339 1857
1339 1928
1339 1930
1344 1808
1344 1934
1344 2071
1344 1645
1344 1611
1344 1555
1344 1606
1344 2150
1347 1488
1349 2122
1352 1384
1352 1533
1352 1455
1354 2061
1354 1547
1354 1876
1354 1620
1355 1894
1355 1509
1355 1748
1359 1621
1359 1400
1359 1849
1359 1957
1359 2115
1361 1917
1361 1726
1362 1509
1364 1547
1364 1986
1365 2026
1366 1468
1366 1961
1366 2090
1366 1400
1366 2092
1369 1684
1371 1560
1371 1455
1373 1547
1373 1922
1373 1663
1374 2173
1375 1884
1375 1570
1375 1533
1376 2048
1376 1439
1376 1741
1377 1656
1378 1690
1379 1679
1380 1547
1381 1458
1382 1748
1382 1560
1382 1636
1384 1763
1384 1549
1385 1564
1385 1509
1386 1386
1387 2145
1388 2054
1390 1733
1390 1645
1390 1548
1391 1685
1394 1729
1394 1547
1396 2037
1397 2037
1399 1533
1399 2143
1400 1459
1400 1811
1401 1811
1402 2154
1404 1957
1405 2148
1405 1533
1406 1896
1406 1934
1406 1763
1406 2019
1411 2164
1411 2101
1411 1968
1411 2059
1411 1630
1411 1951
1411 1953
1414 1547
1416 1416
1416 2009
1419 1598
1421 1654
1421 1436
1423 1547
1424 1683
1425 1704
1426 1616
1426 1490
1426 1540
1427 1981
1428 1533
1429 1943
1430 1976
1433 1702
1436 1573
1436 1816
1436 1532
1436 1791
1436 1962
1436 2111
1437 1634
1438 2012
1440 1615
1441 1478
1441 1528
1441 1708
1441 1848
1441 1869
1442 1654
1442 1494
1446 1446
1449 1615
1453 2096
1453 1966
1454 1454
1455 1557
1458 1686
1459 1633
1459 1710
1459 1764
1459 2043
1459 2111
1460 1817
1462 1487
1465 1520
1466 1775
1468 1609
1468 1811
1468 1533
1468 1527
1469 1645
1472 1959
1473 2035
1474 1540
1476 1540
1477 1804
1479 1573
1480 1533
1480 2055
1482 1509
1483 1632
1483 1649
1483 2083
1483 2005
1483 1746
1483 1748
1485 1533
1486 1654
1486 2108
1486 1547
1486 1767
1488 2101
1489 2043
1494 1726
1494 2112
1494 1991
1494 1863
1494 1935
1496 1985
1497 1906
1498 1623
1499 1676
1500 1547
1501 1862
1503 1763
1505 1547
1508 1771
1508 2025
1509 1706
1509 1816
1509 1848
1509 1896
1509 1934
1509 2009
1509 2080
1509 2110
1510 1538
1517 1729
1518 1547
1520 1635
1520 1658
1520 1699
1520 1895
1521 1876
1523 1533
1524 1729
1525 1683
1530 1689
1530 1641
1531 1562
1531 2120
1532 1871
1533 1621
1533 2013
1533 1644
1533 1763
1533 1995
1533 1968
1533 2049
1533 1566
1533 1872
1533 2101
1533 1828
1533 1831
1533 1557
1533 1592
1533 1628
1533 1538
1533 1539
1533 1673
1533 1674
1533 1707
1533 1725
1533 1821
1533 1822
1533 1849
1533 1909
1533 1937
1533 1960
1533 1962
1533 2014
1533 2024
1533 2034
1533 2081
1533 2088
1533 2165
1534 1746
1538 2143
1538 2145
1539 2069
1540 2056
1540 1816
1540 1848
1540 2149
1540 2096
1540 2155
1541 1831
1543 1569
1545 1848
1547 1559
1547 1580
1547 1623
1547 1644
1547 1713
1547 1728
1547 1785
1547 1810
1547 1915
1547 1929
1547 1996
1547 2044
1547 2091
1547 2098
1547 2113
1547 2163
1549 2074
1550 1550
1550 1565
1552 1932
1555 1751
1555 1937
1555 2025
1555 2034
1556 1837
1559 1817
1560 1615
1560 1633
1560 1750
1560 1938
1561 1561
1564 1888
1564 2012
1567 1633
1568 1972
1572 1868
1573 1816
1573 1817
1573 2064
1573 1819
1573 2045
1573 1999
1574 1934
1575 1777
1580 1905
1581 1651
1582 1729
1584 2036
1585 1934
1585 1763
1585 1896
1586 1968
1588 1819
1590 2005
1592 2052
1593 1811
1595 1992
1596 2080
1600 2141
1601 2002
1608 2037
1609 2093
1609 2102
1613 1652
1614 1871
1614 1980
1614 1854
1615 2031
1615 1684
1617 2148
1618 1794
1618 2143
1621 2098
1621 2015
1621 2007
1622 2021
1623 2072
1623 2069
1623 1871
1623 1864
1623 1626
1623 2007
1623 2111
1626 2111
1627 1729
1628 1841
1629 1838
1631 1631
1637 2005
1637 2080
1643 1729
1644 2096
1644 2148
1644 1949
1644 2128
1645 1751
1645 1763
1645 1736
1645 1764
1645 1957
1646 1646
1652 2118
1654 1766
1654 1920
1654 1696
1655 1792
1659 1798
1660 2172
1661 2150
1663 2090
1665 2037
1669 1816
1669 1746
1672 2017
1672 1681
1673 1871
1673 2069
1673 2030
1677 1811
1680 1680
1681 1681
1683 1725
1683 1868
1693 1990
1694 2040
1697 1899
1697 1911
1697 1934
1697 1805
1701 1845
1707 1995
1711 1898
1713 1817
1714 2037
1723 2037
1724 1792
1725 1877
1725 2143
1728 1729
1729 1842
1729 1926
1729 1940
1729 1950
1729 2001
1729 2097
1729 2116
1729 2166
1731 1978
1734 2089
1735 1873
1741 1771
1741 2111
1743 1787
1744 1815
1748 1981
1751 2049
1752 2098
1754 1987
1759 1780
1763 2148
1763 2143
1773 2080
1777 1829
1779 1943
1779 2151
1786 1915
1790 2139
1792 2147
1793 1914
1793 2005
1797 1930
1798 1840
1799 2005
1799 2080
1801 2144
1805 2019
1806 1810
1811 2013
1811 1981
1815 1882
1815 1817
1817 1981
1817 2023
1817 2113
1817 2117
1817 2162
1818 1891
1821 2154
1822 2096
1824 2004
1824 2105
1826 2030
1828 2143
1830 2010
1830 2105
1831 2143
1834 1994
1843 1848
1844 1932
1845 1933
1848 2084
1848 2009
1848 2076
1848 1905
1851 2020
1862 2173
1862 1862
1865 2167
1867 2173
1871 2087
1872 2150
1876 1957
1880 2052
1880 2063
1880 2155
1882 1884
1884 2077
1890 2037
1894 2131
1896 2080
1896 2052
1901 2099
1904 2136
1914 2052
1914 2168
1921 2032
1930 2103
1933 1961
1934 2096
1937 1937
1943 2151
1944 2174
1949 1949
1951 1981
1952 1952
1954 2069
1957 2150
1958 2005
1960 2096
1960 2143
1961 1990
1961 2072
1961 2155
1962 2161
1982 2020
1988 1988
1989 2019
1997 2096
1998 2016
2004 2164
2005 2080
2007 2078
2007 2127
2009 2173
2009 2080
2009 2067
2009 2121
2009 2052
2009 2103
2013 2027
2015 2098
2027 2027
2028 2037
2035 2143
2037 2053
2039 2055
2042 2113
2050 2146
2058 2173
2059 2112
2069 2078
2069 2109
2078 2103
2094 2157
2096 2096
2098 2143
2101 2111
2104 2171
2106 2106
2128 2159
2140 2151
